3.020782051448e+06	1.639636042135e+11	-1.000652012092e+08	5.354847404458e+10	1.168248586815e-01
3.062443868600e+06	1.395013756818e+11	-8.586708861391e+07	5.280372463519e+10	1.245577377542e-01
3.104680274379e+06	1.172548710219e+11	-1.006509176682e+08	5.297543335245e+10	1.338459432578e-01
3.147499193356e+06	9.833027750780e+10	-1.154040343228e+08	5.321955998875e+10	1.447826956419e-01
3.190908659397e+06	8.226697318371e+10	-1.342209671681e+08	5.367107258176e+10	1.575876621897e-01
3.234916817170e+06	6.864173659418e+10	-1.563933688981e+08	5.431459661577e+10	1.725392687124e-01
3.279531923671e+06	5.716367097419e+10	-1.826655344235e+08	5.511186518166e+10	1.896379329424e-01
3.324762349773e+06	4.761672706382e+10	-2.132394485100e+08	5.596981121355e+10	2.083463109165e-01
3.370616581801e+06	3.981122357618e+10	-2.479655219621e+08	5.677035924343e+10	2.276274789986e-01
3.417103223117e+06	3.353695125410e+10	-2.861446746594e+08	5.740945411287e+10	2.462912941605e-01
3.464230995743e+06	2.855327211183e+10	-3.267093400352e+08	5.782966626221e+10	2.634117902153e-01
3.512008741989e+06	2.461089769088e+10	-3.684956705876e+08	5.802384006086e+10	2.785218400019e-01
3.560445426117e+06	2.148135185350e+10	-4.104815154173e+08	5.801745782103e+10	2.915520102169e-01
3.609550136023e+06	1.897450085153e+10	-4.518927576220e+08	5.784846254745e+10	3.026676102052e-01
3.659332084938e+06	1.694179636032e+10	-4.922051917511e+08	5.755445507318e+10	3.121286843782e-01
3.709800613162e+06	1.527115953928e+10	-5.310979556307e+08	5.716733302263e+10	3.202076492393e-01
3.760965189814e+06	1.387931929030e+10	-5.683977288475e+08	5.671223201030e+10	3.271520186855e-01
3.812835414605e+06	1.270461183987e+10	-6.040298990864e+08	5.620813936331e+10	3.331726560779e-01
3.865421019647e+06	1.170115851131e+10	-6.379854604421e+08	5.566924196549e+10	3.384439589345e-01
3.918731871273e+06	1.083450515144e+10	-6.702945200476e+08	5.510605734047e+10	3.431082330837e-01
3.972777971888e+06	1.007853206079e+10	-7.010116564939e+08	5.452629800219e+10	3.472810861205e-01
4.027569461851e+06	9.413158795307e+09	-7.302040981969e+08	5.393577381578e+10	3.510565920645e-01
4.083116621372e+06	8.822799273451e+09	-7.579462813005e+08	5.333869972220e+10	3.545114041879e-01
4.139429872442e+06	8.295182302276e+09	-7.843137695553e+08	5.273832199544e+10	3.577083287529e-01
4.196519780791e+06	7.820564036480e+09	-8.093829350171e+08	5.213697997469e+10	3.606989104323e-01
4.254397057869e+06	7.391095482673e+09	-8.332268177796e+08	5.153649802414e+10	3.635256647295e-01
4.313072562854e+06	7.000423965240e+09	-8.559163001429e+08	5.093820915606e+10	3.662236441560e-01
4.372557304692e+06	6.643320501882e+09	-8.775190760729e+08	5.034310334803e+10	3.688218347522e-01
4.432862444161e+06	6.315481378134e+09	-8.980977923603e+08	4.975197116232e+10	3.713441234353e-01
4.493999295965e+06	6.013307461397e+09	-9.177135022087e+08	4.916532123619e+10	3.738101763151e-01
4.555979330857e+06	5.733774326476e+09	-9.364221744915e+08	4.858358845888e+10	3.762360967828e-01
4.618814177794e+06	5.474333597397e+09	-9.542765508973e+08	4.800707502147e+10	3.786349551230e-01
4.682515626114e+06	5.232801093624e+09	-9.713275729192e+08	4.743594810381e+10	3.810172765086e-01
4.747095627751e+06	5.007312508289e+09	-9.876213335696e+08	4.687036666961e+10	3.833913894050e-01
4.812566299478e+06	4.796263284018e+09	-1.003201816846e+09	4.631042093676e+10	3.857637568310e-01
4.878939925178e+06	4.598253274560e+09	-1.018111573644e+09	4.575611668725e+10	3.881392527151e-01
4.946228958150e+06	4.412068414118e+09	-1.032389231184e+09	4.520748052108e+10	3.905213783361e-01
5.014446023445e+06	4.236648812581e+09	-1.046071144494e+09	4.466450765176e+10	3.929124720895e-01
5.083603920239e+06	4.071055739948e+09	-1.059193318966e+09	4.412712877119e+10	3.953138878556e-01
5.153715624226e+06	3.914460480298e+09	-1.071789021640e+09	4.359530078453e+10	3.977261337644e-01
5.224794290060e+06	3.766134712936e+09	-1.083888386143e+09	4.306897280162e+10	4.001490056432e-01
5.296853253820e+06	3.625425689446e+09	-1.095521998007e+09	4.254806008295e+10	4.025817170891e-01
5.369906035512e+06	3.491746403394e+09	-1.106718946466e+09	4.203246927571e+10	4.050229871874e-01
5.443966341607e+06	3.364576797748e+09	-1.117505711502e+09	4.152212593138e+10	4.074711260964e-01
5.519048067612e+06	3.243448649048e+09	-1.127907561032e+09	4.101695471492e+10	4.099241281258e-01
5.595165300677e+06	3.127936413116e+09	-1.137950348200e+09	4.051684102207e+10	4.123797346038e-01
5.672332322238e+06	3.017654270721e+09	-1.147658139288e+09	4.002169421741e+10	4.148354889469e-01
5.750563610696e+06	2.912257116080e+09	-1.157052983023e+09	3.953142524692e+10	4.172887904047e-01
5.829873844137e+06	2.811428996628e+09	-1.166156744543e+09	3.904595193556e+10	4.197369515522e-01
5.910277903079e+06	2.714879347788e+09	-1.174991837900e+09	3.856515697242e+10	4.221772293146e-01
5.991790873271e+06	2.622343128372e+09	-1.183579006347e+09	3.808895190498e+10	4.246068563159e-01
6.074428048522e+06	2.533580864673e+09	-1.191937488566e+09	3.761724698141e+10	4.270230751004e-01
6.158204933564e+06	2.448370894646e+09	-1.200086727513e+09	3.714995972668e+10	4.294231704718e-01
6.243137246972e+06	2.366507132093e+09	-1.208046948651e+09	3.668697760584e+10	4.318044839252e-01
6.329240924103e+06	2.287800331348e+09	-1.215836900852e+09	3.622821506122e+10	4.341644281503e-01
6.416532120092e+06	2.212078402990e+09	-1.223474153234e+09	3.577358501218e+10	4.365005075959e-01
6.505027212881e+06	2.139180659548e+09	-1.230976603542e+09	3.532300916609e+10	4.388103358778e-01
6.594742806294e+06	2.068956311994e+09	-1.238363295647e+09	3.487638020431e+10	4.410916398589e-01
6.685695733146e+06	2.001265722149e+09	-1.245652096242e+09	3.443361455350e+10	4.433422632512e-01
6.777903058411e+06	1.935981566888e+09	-1.252859697310e+09	3.399462899914e+10	4.455601769563e-01
6.871382082414e+06	1.872983407033e+09	-1.260004098677e+09	3.355934614808e+10	4.477434865701e-01
6.966150344085e+06	1.812159473310e+09	-1.267100252920e+09	3.312767335265e+10	4.498904239677e-01
7.062225624244e+06	1.753395266467e+09	-1.274176907314e+09	3.269947079998e+10	4.519993252852e-01
7.159625948940e+06	1.696617747398e+09	-1.281189412476e+09	3.227481655855e+10	4.540685360651e-01
7.258369592832e+06	1.641599472421e+09	-1.288307573535e+09	3.185268455126e+10	4.560961064703e-01
7.358475082620e+06	1.588605529245e+09	-1.294609880253e+09	3.143539671226e+10	4.580781861988e-01
7.459961200516e+06	1.536168794870e+09	-1.303578026085e+09	3.101248319216e+10	4.600052049519e-01
7.562846987775e+06	1.483112104350e+09	-1.270770040057e+09	3.057201233459e+10	4.618293230855e-01
7.667151748261e+06	1.303741015650e+09	-1.757842648747e+09	2.924387333889e+10	4.634135717595e-01
7.772895052073e+06	2.989613727563e+08	-6.166679703172e+09	1.117683897787e+10	4.642459484246e-01
7.880096739215e+06	2.947398912670e+08	-6.092763321794e+09	1.109789810604e+10	4.642482535758e-01
7.988776923320e+06	2.883927568002e+08	-6.052662097663e+09	1.098225821890e+10	4.642516872799e-01
8.098955995422e+06	2.827872655557e+08	-6.006984048424e+09	1.087782615787e+10	4.642544884767e-01
8.210654627783e+06	2.771610568979e+08	-5.963021208392e+09	1.077315941653e+10	4.642571396131e-01
8.323893777771e+06	2.716795691451e+08	-5.919007858433e+09	1.067043755080e+10	4.642595592519e-01
8.438694691792e+06	2.663015406891e+08	-5.875349532295e+09	1.056915086370e+10	4.642617866554e-01
8.555078909279e+06	2.610335571622e+08	-5.831951562263e+09	1.046933117259e+10	4.642638323531e-01
8.673068266727e+06	2.558713031483e+08	-5.788835486932e+09	1.037090869127e+10	4.642657116797e-01
8.792684901799e+06	2.508130358895e+08	-5.745995690906e+09	1.027383619165e+10	4.642674375150e-01
8.913951257471e+06	2.458564858906e+08	-5.703432737523e+09	1.017806612676e+10	4.642690219943e-01
9.036890086247e+06	2.409995636971e+08	-5.661145709441e+09	1.008355482521e+10	4.642704762426e-01
9.161524454430e+06	2.362401968835e+08	-5.619133967608e+09	9.990258905313e+09	4.642718105292e-01
9.287877746444e+06	2.315763684449e+08	-5.577396690109e+09	9.898140296839e+09	4.642730343202e-01
9.415973669227e+06	2.270061032782e+08	-5.535933055239e+09	9.807159821690e+09	4.642741563494e-01
9.545836256676e+06	2.225274751340e+08	-5.494742074064e+09	9.717282151476e+09	4.642751846729e-01
9.677489874156e+06	2.181385989638e+08	-5.453822742426e+09	9.628473594941e+09	4.642761267257e-01
9.810959223075e+06	2.138376294368e+08	-5.413174057149e+09	9.540702698813e+09	4.642769893697e-01
9.946269345514e+06	2.096227619798e+08	-5.372794965696e+09	9.453938005165e+09	4.642777789386e-01
1.008344562893e+07	2.054922320318e+08	-5.332684362947e+09	9.368151985740e+09	4.642785012786e-01
1.022251381091e+07	2.014443136742e+08	-5.292841100770e+09	9.283316385515e+09	4.642791617869e-01
1.036349998402e+07	1.974773207728e+08	-5.253263934912e+09	9.199405446512e+09	4.642797654451e-01
1.050643060067e+07	1.935896022549e+08	-5.213951625264e+09	9.116394810564e+09	4.642803168519e-01
1.065133247812e+07	1.897795410997e+08	-5.174902942945e+09	9.034261467369e+09	4.642808202520e-01
1.079823280346e+07	1.860455562977e+08	-5.136116596521e+09	8.952983248072e+09	4.642812795629e-01
1.094715913875e+07	1.823860997457e+08	-5.097591295239e+09	8.872539748046e+09	4.642816983995e-01
1.109813942617e+07	1.787996578120e+08	-5.059325684545e+09	8.792910591605e+09	4.642820800973e-01
1.125120199329e+07	1.752847499895e+08	-5.021318361474e+09	8.714076906715e+09	4.642824277325e-01
1.140637555835e+07	1.718399260547e+08	-4.983567934822e+09	8.636021224092e+09	4.642827441421e-01
1.156368923567e+07	1.684637650411e+08	-4.946073036381e+09	8.558726322561e+09	4.642830319419e-01
1.172317254109e+07	1.651548774105e+08	-4.908832239453e+09	8.482176433589e+09	4.642832935425e-01
1.188485539757e+07	1.619119013376e+08	-4.871844147987e+09	8.406355872577e+09	4.642835311649e-01
1.204876814070e+07	1.587335059375e+08	-4.835107281704e+09	8.331249847011e+09	4.642837468545e-01
1.221494152449e+07	1.556183881989e+08	-4.798620147402e+09	8.256844412192e+09	4.642839424943e-01
1.238340672709e+07	1.525652710746e+08	-4.762381279698e+09	8.183126685739e+09	4.642841198173e-01
1.255419535666e+07	1.495729033502e+08	-4.726389228405e+09	8.110083418643e+09	4.642842804172e-01
1.272733945727e+07	1.466400612444e+08	-4.690642491346e+09	8.037703527334e+09	4.642844257594e-01
1.290287151496e+07	1.437655452051e+08	-4.655139596742e+09	7.965975071301e+09	4.642845571903e-01
1.308082446378e+07	1.409481828380e+08	-4.619878992003e+09	7.894887304000e+09	4.642846759466e-01
1.326123169202e+07	1.381868252635e+08	-4.584859142575e+09	7.824429723059e+09	4.642847831631e-01
1.344412704844e+07	1.354803463483e+08	-4.550078541813e+09	7.754592858033e+09	4.642848798811e-01
1.362954484864e+07	1.328276428746e+08	-4.515535689689e+09	7.685366462288e+09	4.642849670551e-01
1.381751988149e+07	1.302276351878e+08	-4.481229054921e+09	7.616742572381e+09	4.642850455593e-01
1.400808741566e+07	1.276792650731e+08	-4.447157129921e+09	7.548711813543e+09	4.642851161945e-01
1.420128320623e+07	1.251814978550e+08	-4.413318342185e+09	7.481265972737e+09	4.642851796931e-01
1.439714350141e+07	1.227333193837e+08	-4.379711141742e+09	7.414397125349e+09	4.642852367248e-01
1.459570504933e+07	1.203337352563e+08	-4.346334014562e+09	7.348097989194e+09	4.642852879014e-01
1.479700510495e+07	1.179817714520e+08	-4.313185445390e+09	7.282360543471e+09	4.642853337812e-01
1.500108143703e+07	1.156764742405e+08	-4.280263905777e+09	7.217178668238e+09	4.642853748738e-01
1.520797233524e+07	1.134169093065e+08	-4.247567870077e+09	7.152545088248e+09	4.642854116435e-01
1.541771661732e+07	1.112021627135e+08	-4.215095763926e+09	7.088453536910e+09	4.642854445131e-01
1.563035363637e+07	1.090313383917e+08	-4.182846042419e+09	7.024897974583e+09	4.642854738674e-01
1.584592328825e+07	1.069035574047e+08	-4.150817205048e+09	6.961872506569e+09	4.642855000563e-01
1.606446601904e+07	1.048179592654e+08	-4.119007731668e+09	6.899371061472e+09	4.642855233973e-01
1.628602283265e+07	1.027737007202e+08	-4.087416115000e+09	6.837388585493e+09	4.642855441790e-01
1.651063529851e+07	1.007699561516e+08	-4.056040830223e+09	6.775919347867e+09	4.642855626626e-01
1.673834555935e+07	9.880591737481e+07	-4.024880327847e+09	6.714958230404e+09	4.642855790851e-01
1.696919633913e+07	9.688079184543e+07	-3.993933091624e+09	6.654500327195e+09	4.642855936608e-01
1.720323095105e+07	9.499380230547e+07	-3.963197640851e+09	6.594540774545e+09	4.642856065833e-01
1.744049330567e+07	9.314418787223e+07	-3.932672472441e+09	6.535074834484e+09	4.642856180276e-01
1.768102791914e+07	9.133120241121e+07	-3.902356115019e+09	6.476097991436e+09	4.642856281517e-01
1.792487992160e+07	8.955411586169e+07	-3.872247059471e+09	6.417605637778e+09	4.642856370977e-01
1.817209506558e+07	8.781221320805e+07	-3.842343788079e+09	6.359593536937e+09	4.642856449939e-01
1.842271973462e+07	8.610479324015e+07	-3.812644815127e+09	6.302057728386e+09	4.642856519553e-01
1.867680095199e+07	8.443116826624e+07	-3.783148688005e+09	6.244994022964e+09	4.642856580856e-01
1.893438638947e+07	8.279066503284e+07	-3.753853934156e+09	6.188398588746e+09	4.642856634776e-01
1.919552437633e+07	8.118262325456e+07	-3.724759113945e+09	6.132267425167e+09	4.642856682147e-01
1.946026390838e+07	7.960639700396e+07	-3.695862744862e+09	6.076596692998e+09	4.642856723713e-01
1.972865465716e+07	7.806135335806e+07	-3.667163349627e+09	6.021382709558e+09	4.642856760141e-01
2.000074697927e+07	7.654687152272e+07	-3.638659485066e+09	5.966622041615e+09	4.642856792027e-01
2.027659192584e+07	7.506234273643e+07	-3.610349735797e+09	5.912310832397e+09	4.642856819904e-01
2.055624125204e+07	7.360717110530e+07	-3.582232662646e+09	5.858445989341e+09	4.642856844243e-01
2.083974742686e+07	7.218077205788e+07	-3.554306864713e+09	5.805023784812e+09	4.642856865468e-01
2.112716364293e+07	7.078257381449e+07	-3.526570895512e+09	5.752040855974e+09	4.642856883953e-01
2.141854382649e+07	6.941201595662e+07	-3.499023320757e+09	5.699493934087e+09	4.642856900030e-01
2.171394264752e+07	6.806854880581e+07	-3.471662737874e+09	5.647380038813e+09	4.642856913995e-01
2.201341552998e+07	6.675163342586e+07	-3.444487765655e+09	5.595695622791e+09	4.642856926109e-01
2.231701866224e+07	6.546074216443e+07	-3.417497005317e+09	5.544438064729e+09	4.642856936604e-01
2.262480900761e+07	6.419535742577e+07	-3.390689092203e+09	5.493603887110e+09	4.642856945683e-01
2.293684431500e+07	6.295497295955e+07	-3.364062617053e+09	5.443190107549e+09	4.642856953526e-01
2.325318312980e+07	6.173909243920e+07	-3.337616188644e+09	5.393193746973e+09	4.642856960293e-01
2.357388480482e+07	6.054722900982e+07	-3.311348447795e+09	5.343612072790e+09	4.642856966123e-01
2.389900951146e+07	5.937890538078e+07	-3.285258052521e+09	5.294441719938e+09	4.642856971139e-01
2.422861825099e+07	5.823365422177e+07	-3.259343645537e+09	5.245680348580e+09	4.642856975447e-01
2.456277286600e+07	5.711101719350e+07	-3.233603896830e+09	5.197324729999e+09	4.642856979144e-01
2.490153605198e+07	5.601054591600e+07	-3.208037438540e+09	5.149372091204e+09	4.642856982309e-01
2.524497136911e+07	5.493180075418e+07	-3.182642922122e+09	5.101819669626e+09	4.642856985017e-01
2.559314325417e+07	5.387435046520e+07	-3.157419028973e+09	5.054664929181e+09	4.642856987330e-01
2.594611703263e+07	5.283777235879e+07	-3.132364451703e+09	5.007904759127e+09	4.642856989302e-01
2.630395893093e+07	5.182165248843e+07	-3.107477872570e+09	4.961536999150e+09	4.642856990981e-01
2.666673608886e+07	5.082558491621e+07	-3.082757996653e+09	4.915558612949e+09	4.642856992408e-01
2.703451657222e+07	4.984917250037e+07	-3.058203494223e+09	4.869967023115e+09	4.642856993620e-01
2.740736938551e+07	4.889202580232e+07	-3.033813056130e+09	4.824759648817e+09	4.642856994646e-01
2.778536448497e+07	4.795376280348e+07	-3.009585402202e+09	4.779934085201e+09	4.642856995515e-01
2.816857279161e+07	4.703400910128e+07	-2.985519260062e+09	4.735487408952e+09	4.642856996249e-01
2.855706620461e+07	4.613239797105e+07	-2.961613351485e+09	4.691417490817e+09	4.642856996868e-01
2.895091761473e+07	4.524856989004e+07	-2.937866412685e+09	4.647721595329e+09	4.642856997389e-01
2.935020091803e+07	4.438217305435e+07	-2.914277151126e+09	4.604397235842e+09	4.642856997827e-01
2.975499102974e+07	4.353286246818e+07	-2.890844294545e+09	4.561441973042e+09	4.642856998194e-01
3.016536389827e+07	4.270029971089e+07	-2.867566597719e+09	4.518853516042e+09	4.642856998502e-01
3.058139651951e+07	4.188415315358e+07	-2.844442819506e+09	4.476629138177e+09	4.642856998760e-01
3.100316695126e+07	4.108409792633e+07	-2.821471715679e+09	4.434766836275e+09	4.642856998975e-01
3.143075432786e+07	4.029981557923e+07	-2.798652052633e+09	4.393263999511e+09	4.642856999154e-01
3.186423887506e+07	3.953099446849e+07	-2.775982571363e+09	4.352118224233e+09	4.642856999303e-01
3.230370192506e+07	3.877732898037e+07	-2.753462031813e+09	4.311327244143e+09	4.642856999427e-01
3.274922593177e+07	3.803851932324e+07	-2.731089219426e+09	4.270888872710e+09	4.642856999530e-01
3.320089448628e+07	3.731427173939e+07	-2.708862921951e+09	4.230800538612e+09	4.642856999615e-01
3.365879233254e+07	3.660429843051e+07	-2.686781925922e+09	4.191060300938e+09	4.642856999685e-01
3.412300538328e+07	3.590831732396e+07	-2.664845024824e+09	4.151665664675e+09	4.642856999743e-01
3.459362073611e+07	3.522605236669e+07	-2.643050988453e+09	4.112614428852e+09	4.642856999790e-01
3.507072668987e+07	3.455723284140e+07	-2.621398604666e+09	4.073904398752e+09	4.642856999830e-01
3.555441276118e+07	3.390159318887e+07	-2.599886685105e+09	4.035533489183e+09	4.642856999862e-01
3.604476970127e+07	3.325887320129e+07	-2.578514042798e+09	3.997499264273e+09	4.642856999888e-01
3.654188951297e+07	3.262881795484e+07	-2.557279488917e+09	3.959799869023e+09	4.642856999909e-01
3.704586546799e+07	3.201117759962e+07	-2.536181840736e+09	3.922432944119e+09	4.642856999927e-01
3.755679212443e+07	3.140570761918e+07	-2.515219892713e+09	3.885396389530e+09	4.642856999941e-01
3.807476534450e+07	3.081216823307e+07	-2.494392455322e+09	3.848688113699e+09	4.642856999953e-01
3.859988231252e+07	3.023032423509e+07	-2.473698360778e+09	3.812306135886e+09	4.642856999962e-01
3.913224155315e+07	2.965994515093e+07	-2.453136442956e+09	3.776248138053e+09	4.642856999969e-01
3.967194294987e+07	2.910080521205e+07	-2.432705531576e+09	3.740512361400e+09	4.642856999976e-01
4.021908776373e+07	2.855268311924e+07	-2.412404463881e+09	3.705096563132e+09	4.642856999980e-01
4.077377865235e+07	2.801536233075e+07	-2.392232052460e+09	3.669998755940e+09	4.642856999984e-01
4.133611968917e+07	2.748863050952e+07	-2.372187123841e+09	3.635216953659e+09	4.642856999988e-01
4.190621638299e+07	2.697227937054e+07	-2.352268524738e+09	3.600749279531e+09	4.642856999990e-01
4.248417569776e+07	2.646610479758e+07	-2.332475104961e+09	3.566593517952e+09	4.642856999992e-01
4.307010607262e+07	2.596990688873e+07	-2.312805706081e+09	3.532748006959e+09	4.642856999994e-01
4.366411744232e+07	2.548348966323e+07	-2.293259179732e+09	3.499210617609e+09	4.642856999995e-01
4.426632125776e+07	2.500666139025e+07	-2.273834350749e+09	3.465979461875e+09	4.642856999996e-01
4.487683050697e+07	2.453923407977e+07	-2.254530055276e+09	3.433052644888e+09	4.642856999997e-01
4.549575973626e+07	2.408102334403e+07	-2.235345146819e+09	3.400428391264e+09	4.642856999998e-01
4.612322507175e+07	2.363184846222e+07	-2.216278483854e+09	3.368104606572e+09	4.642856999998e-01
4.675934424112e+07	2.319153250456e+07	-2.197328911190e+09	3.336079726119e+09	4.642856999998e-01
4.740423659574e+07	2.275990195886e+07	-2.178495287975e+09	3.304351737848e+09	4.642856999999e-01
4.805802313302e+07	2.233678712592e+07	-2.159776443119e+09	3.272918858896e+09	4.642856999999e-01
4.872082651915e+07	2.192202165233e+07	-2.141171212633e+09	3.241779303876e+09	4.642856999999e-01
4.939277111211e+07	2.151544238186e+07	-2.122678447745e+09	3.210931390319e+09	4.642856999999e-01
5.007398298495e+07	2.111688937357e+07	-2.104297007107e+09	3.180373171254e+09	4.642856999999e-01
5.076458994953e+07	2.072620610015e+07	-2.086025730547e+09	3.150103131606e+09	4.642856999999e-01
5.146472158044e+07	2.034323902197e+07	-2.067863474901e+09	3.120119401221e+09	4.642857000000e-01
5.217450923932e+07	1.996783801586e+07	-2.049809064198e+09	3.090420296760e+09	4.642857000000e-01
5.289408609953e+07	1.959985596099e+07	-2.031861324728e+09	3.061004131296e+09	4.642857000000e-01
5.362358717110e+07	1.923914859430e+07	-2.014019093852e+09	3.031869306018e+09	4.642857000000e-01
5.436314932611e+07	1.888557447953e+07	-1.996281217567e+09	3.003014087082e+09	4.642857000000e-01
5.511291132432e+07	1.853899524702e+07	-1.978646519120e+09	2.974436970842e+09	4.642857000000e-01
5.587301383924e+07	1.819927515663e+07	-1.961113839013e+09	2.946136275555e+09	4.642857000000e-01
5.664359948451e+07	1.786628150767e+07	-1.943681985034e+09	2.918110415542e+09	4.642857000000e-01
5.742481284065e+07	1.753988433260e+07	-1.926349758595e+09	2.890357834992e+09	4.642857000000e-01
5.821680048220e+07	1.721995621924e+07	-1.909115968211e+09	2.862877032981e+09	4.642857000000e-01
5.901971100523e+07	1.690637224789e+07	-1.891979431111e+09	2.835666484658e+09	4.642857000000e-01
5.983369505520e+07	1.659901021444e+07	-1.874938942714e+09	2.808724677612e+09	4.642857000000e-01
6.065890535521e+07	1.629775031360e+07	-1.857993306237e+09	2.782050170813e+09	4.642857000000e-01
6.149549673470e+07	1.600247538462e+07	-1.841141299107e+09	2.755641469865e+09	4.642857000000e-01
6.234362615848e+07	1.571307078700e+07	-1.824381680908e+09	2.729497155075e+09	4.642857000000e-01
6.320345275616e+07	1.542942419361e+07	-1.807713211452e+09	2.703615849557e+09	4.642857000000e-01
6.407513785204e+07	1.515142550696e+07	-1.791134655425e+09	2.677996243982e+09	4.642857000000e-01
6.495884499533e+07	1.487896697414e+07	-1.774644763693e+09	2.652636846936e+09	4.642857000000e-01
6.585473999091e+07	1.461194315958e+07	-1.758242270938e+09	2.627536525747e+09	4.642857000000e-01
6.676299093037e+07	1.435025081966e+07	-1.741925905175e+09	2.602693874672e+09	4.642857000000e-01
6.768376822358e+07	1.409378910242e+07	-1.725694358041e+09	2.578107660281e+09	4.642857000000e-01
6.861724463064e+07	1.384245926306e+07	-1.709546313710e+09	2.553776663525e+09	4.642857000000e-01
6.956359529435e+07	1.359616457825e+07	-1.693480454485e+09	2.529699747181e+09	4.642857000000e-01
7.052299777300e+07	1.335481036021e+07	-1.677495454359e+09	2.505875639468e+09	4.642857000000e-01
7.149563207373e+07	1.311830413469e+07	-1.661589951573e+09	2.482303349876e+09	4.642857000000e-01
7.248168068628e+07	1.288655530619e+07	-1.645762585674e+09	2.458981709648e+09	4.642857000000e-01
7.348132861725e+07	1.265947549540e+07	-1.630011949564e+09	2.435909671308e+09	4.642857000000e-01
7.449476342481e+07	1.243697831230e+07	-1.614336613140e+09	2.413086229603e+09	4.642857000000e-01
7.552217525385e+07	1.221897924527e+07	-1.598735132749e+09	2.390510445162e+09	4.642857000000e-01
7.656375687172e+07	1.200539561657e+07	-1.583206052618e+09	2.368181423635e+09	4.642857000000e-01
7.761970370435e+07	1.179614674018e+07	-1.567747879519e+09	2.346098219185e+09	4.642857000000e-01
7.869021387294e+07	1.159115377563e+07	-1.552359097348e+09	2.324260104186e+09	4.642857000000e-01
7.977548823111e+07	1.139033979138e+07	-1.537038154057e+09	2.302666236897e+09	4.642857000000e-01
8.087573040261e+07	1.119362983687e+07	-1.521783447108e+09	2.281315916682e+09	4.642857000000e-01
8.199114681953e+07	1.100095075700e+07	-1.506593343885e+09	2.260208492104e+09	4.642857000000e-01
8.312194676098e+07	1.081223113645e+07	-1.491466185164e+09	2.239343406492e+09	4.642857000000e-01
8.426834239242e+07	1.062740132691e+07	-1.476400277507e+09	2.218720055340e+09	4.642857000000e-01
8.543054880543e+07	1.044639363108e+07	-1.461393863629e+09	2.198338072340e+09	4.642857000000e-01
8.660878405807e+07	1.026914200598e+07	-1.446445160408e+09	2.178197015339e+09	4.642857000000e-01
8.780326921581e+07	1.009558240974e+07	-1.431552308959e+09	2.158296582035e+09	4.642857000000e-01
8.901422839298e+07	9.925652707455e+06	-1.416713395851e+09	2.138636569226e+09	4.642857000000e-01
9.024188879487e+07	9.759292820179e+06	-1.401926478964e+09	2.119216911798e+09	4.642857000000e-01
9.148648076027e+07	9.596445615385e+06	-1.387189671170e+09	2.100037825865e+09	4.642857000000e-01
9.274823780478e+07	9.437060802986e+06	-1.372501479282e+09	2.081100094969e+09	4.642857000000e-01
9.402739666458e+07	9.281110868629e+06	-1.357862296586e+09	2.062407496810e+09	4.642857000000e-01
9.532419734084e+07	9.128656639004e+06	-1.343280857166e+09	2.043974642389e+09	4.642857000000e-01
9.663888314478e+07	8.980120158810e+06	-1.328801448031e+09	2.025861946445e+09	4.642857000000e-01
9.797170074327e+07	8.837401277213e+06	-1.314618212931e+09	2.008317902651e+09	4.642857000000e-01
9.932290020519e+07	8.708235302776e+06	-1.301531519467e+09	1.992335057041e+09	4.642857000000e-01
